# Fok mu errmu sigma errsigma A errA
0 30.0 90.55428521994783 0.20389991234559154 3.4493794433183806 0.20390016438820457 168.31430738755446 8.616488611052999
1 40.0 80.75656226858636 0.32959559467777505 4.985382050476988 0.330556969976396 214.05872695070488 12.26782343324222
2 50.0 73.68853246095668 0.4902535640285068 5.1417082164301116 0.5047184884907785 154.21289494045436 12.860578842599605
3 60.0 65.58937489316041 0.2876155702734121 4.603111808622065 0.2876311371862544 190.0043094518221 10.281738297278741
4 70.0 59.11818742812549 0.38099660409698893 3.6232391480182664 0.3816061408868256 115.22315429398601 10.498374787875377
5 80.0 54.673587899764335 0.24942284159395667 2.9932693274443496 0.2494228449136319 164.251706183484 11.853247981214212
6 90.0 49.85457293005997 0.24860806116771147 2.215458630434015 0.24860806850689118 143.30454582068296 13.926250056897295
7 100.0 46.941283874815035 0.22166122733857757 1.9020316488643978 0.2216612305327979 99.9276227470108 10.085044538792138
8 110.0 42.87388694146891 0.12854739416687455 1.7465980824851415 0.12854739576251284 147.6741340807739 9.412600417552174
