      298.53      0.0039      663.66   14
      296.48      0.0059      719.74   14
      294.42     -0.0026      744.24   14
      292.34     -0.0050      764.12   14
      290.33     -0.0039      785.10   14
      288.29     -0.0033      803.78   14
      286.13     -0.0027      816.63   14
      283.88     -0.0022      827.12   14
      281.64     -0.0014      836.46   14
      279.58     -0.0007      844.64   14
      277.46     -0.0000      852.83   14
      275.34      0.0009      860.96   14
      273.12      0.0015      868.92   14
      270.95      0.0021      877.16   14
      268.78      0.0029      885.40   14
      266.61      0.0037      893.64   14
      264.45      0.0046      901.88   14
      262.29      0.0049      910.11   14
      260.14      0.0057      918.35   14
      257.99      0.0068      926.59   14
      255.85      0.0076      934.83   14
      253.72      0.0081      943.07   14
      251.60      0.0091      951.31   14
      249.50      0.0104      959.55   14
      247.40      0.0112      967.79   14
      245.31      0.0122      976.03   14
      243.24      0.0125      984.26   14
      241.19      0.0140      992.50   14
      239.15      0.0141     1000.74   14
      237.12      0.0149     1008.98   14
      235.11      0.0160     1017.22   14
      232.72      0.0171     1027.11   14
      230.35      0.0178     1036.99   14
      228.01      0.0189     1046.88   14
      225.69      0.0197     1056.77   14
      223.40      0.0216     1066.65   14
      221.19      0.0228     1076.65   14
      219.18      0.0235     1085.49   14
      216.91      0.0244     1095.60   14
      214.67      0.0257     1105.70   14
      212.45      0.0264     1115.81   14
      210.26      0.0274     1125.92   14
      208.10      0.0283     1136.02   14
      205.97      0.0294     1146.13   14
      203.86      0.0301     1156.24   14
      201.78      0.0310     1166.34   14
      199.73      0.0315     1176.45   14
      197.70      0.0324     1186.55   14
      195.46      0.0334     1197.92   14
      193.25      0.0339     1209.29   14
      191.06      0.0350     1220.66   14
      188.92      0.0356     1232.03   14
      186.80      0.0363     1243.40   14
      184.71      0.0372     1254.77   14
      182.66      0.0384     1266.14   14
      180.63      0.0389     1277.51   14
      178.41      0.0398     1290.14   14
      176.23      0.0404     1302.78   14
      174.09      0.0409     1315.41   14
      171.98      0.0417     1328.04   14
      169.91      0.0418     1340.68   14
      167.88      0.0420     1353.31   14
      165.68      0.0429     1367.20   14
      163.54      0.0435     1381.10   14
      161.44      0.0439     1395.00   14
      159.39      0.0442     1408.89   14
      157.38      0.0441     1422.79   14
      155.24      0.0452     1437.95   14
      153.16      0.0455     1453.11   14
      151.13      0.0459     1468.27   14
      149.00      0.0465     1484.69   14
      146.92      0.0467     1501.11   14
      144.90      0.0468     1517.54   14
      142.79      0.0467     1535.22   14
      140.75      0.0468     1552.91   14
      138.63      0.0469     1571.86   14
      136.59      0.0480     1590.81   14
      134.48      0.0481     1611.02   14
      132.45      0.0484     1631.23   14
      130.37      0.0484     1652.71   14
      128.26      0.0491     1675.45   14
      126.23      0.0490     1698.19   14
      124.18      0.0492     1722.19   14
      122.12      0.0494     1747.45   14
      120.07      0.0498     1773.98   14
      118.02      0.0500     1801.78   14
      115.99      0.0502     1830.83   14
      113.91      0.0502     1862.41   14
      111.09      0.0505     1908.66   14
      110.58      0.0505     1917.50   14
      110.08      0.0507     1926.35   14
      109.52      0.0505     1936.45   14
      108.97      0.0504     1946.56   14
      108.43      0.0508     1956.66   14
      107.90      0.0511     1966.77   14
      107.38      0.0509     1976.88   14
      106.87      0.0509     1986.98   14
      106.31      0.0513     1998.35   14
      105.76      0.0513     2009.72   14
      105.23      0.0513     2021.09   14
      104.70      0.0513     2032.46   14
      104.19      0.0517     2043.83   14
      103.69      0.0518     2055.20   14
      103.15      0.0519     2067.83   14
      102.62      0.0517     2080.47   14
      102.11      0.0515     2093.10   14
      101.61      0.0517     2105.73   14
      101.07      0.0519     2119.63   14
      100.55      0.0520     2133.53   14
      100.04      0.0517     2147.42   14
       99.50      0.0519     2162.58   14
       98.98      0.0516     2177.74   14
       98.48      0.0514     2192.90   14
       97.95      0.0514     2209.32   14
       97.44      0.0514     2225.74   14
       96.91      0.0519     2243.43   14
       96.40      0.0518     2261.12   14
       95.87      0.0513     2280.07   14
       95.36      0.0516     2299.02   14
       94.84      0.0519     2319.23   14
       94.50      0.0407     2333.12   14
       94.28      0.0295     2341.97   14
       94.07      0.0185     2350.81   14
       93.86      0.0073     2359.65   14
       93.66     -0.0038     2368.50   14
       93.49     -0.0141     2376.08   14
       93.29     -0.0256     2384.92   14
       93.13     -0.0368     2392.50   14
       92.99     -0.0474     2398.82   14
       92.86     -0.0590     2405.13   14
       92.75     -0.0693     2410.18   14
       92.65     -0.0809     2415.24   14
       92.54     -0.0944     2420.29   14
       92.47     -0.1055     2424.08   14
       92.39     -0.1180     2427.87   14
       92.31     -0.1317     2431.66   14
       92.24     -0.1470     2435.45   14
       92.16     -0.1628     2439.24   14
       92.11     -0.1737     2441.77   14
       92.06     -0.1848     2444.29   14
       92.02     -0.1958     2446.82   14
       91.97     -0.2066     2449.35   14
       91.92     -0.2167     2451.87   14
       91.87     -0.2269     2454.40   14
       91.80     -0.2409     2458.19   14
       91.73     -0.2534     2461.98   14
       91.66     -0.2646     2465.77   14
       91.59     -0.2751     2469.56   14
       91.49     -0.2859     2474.61   14
       91.42     -0.2965     2478.40   14
       91.33     -0.3080     2483.46   14
       91.24     -0.3192     2488.51   14
       91.15     -0.3313     2493.56   14
       91.06     -0.3432     2498.61   14
       90.98     -0.3551     2503.67   14
       90.89     -0.3680     2508.72   14
       90.80     -0.3803     2513.77   14
       90.72     -0.3921     2518.83   14
       90.61     -0.4055     2525.14   14
       90.51     -0.4176     2531.46   14
       90.39     -0.4299     2539.04   14
       90.27     -0.4402     2546.62   14
       90.11     -0.4513     2556.73   14
       89.92     -0.4620     2569.36   14
       89.65     -0.4725     2587.04   14
       89.28     -0.4828     2613.57   14
       88.77     -0.4911     2651.47   14
       88.26     -0.4964     2693.16   14
       87.75     -0.4993     2738.64   14
       87.25     -0.5019     2787.91   14
       86.74     -0.5041     2842.23   14
       86.24     -0.5060     2902.87   14
       85.74     -0.5066     2971.08   14
       85.23     -0.5065     3050.84   14